4
6
8
11
12
13
14
16
17
18
20
21
22
23
24
25
27
28
30
32
33
35
36
37
39
40
41
43
45
46
47
48
49
50
51
53
55
56
57
58
59
60
62
64
67
68
69
72
73
77
79
80
81
82
83
84
85
86
87
89
90
91
92
95
97
98
99
100
101
103
105
106
108
109
110
111
112
113
114
115
116
117
118
119
120
121
122
123
124
125
126
127
128
130
131
133
136
137
138
139
141
143
145
146
148
150
152
153
154
156
157
158
159
161
163
164
165
166
167
168
169
170
172
174
175
177
179
180
183
184
185
187
188
189
190
191
193
194
195
196
197
198
199
200
204
205
206
208
209
213
215
217
220
221
222
223
224
225
227
228
229
230
232
233
234
235
236
237
238
239
241
242
243
244
246
247
250
251
252
253
254
255
256
257
258
259
260
262
263
264
265
266
267
268
269
270
272
273
275
276
277
278
279
280
282
283
284
285
286
287
289
290
292
293
294
295
296
298
299
300
301
304
306
307
309
311
312
314
315
316
317
318
319
321
325
326
327
329
330
331
335
336
337
338
340
341
343
344
346
348
350
352
354
355
356
357
358
359
362
364
365
366
367
368
369
371
373
374
375
376
379
381
383
384
385
386
387
389
390
391
393
394
396
397
400
401
402
403
406
407
408
410
411
414
415
416
418
419
422
423
424
425
426
428
430
431
432
433
434
435
436
437
439
441
442
444
445
448
449
452
453
454
455
456
457
458
459
461
462
464
465
467
468
469
471
472
473
474
475
479
480
481
483
484
486
488
489
490
493
494
495
496
497
498
499
502
507
508
509
511
513
517
518
519
521
522
523
524
525
527
528
530
531
532
533
534
535
536
538
539
541
543
544
546
547
548
550
551
552
554
556
557
558
560
562
564
565
569
570
573
574
576
578
580
581
583
586
587
589
590
591
593
594
595
596
597
598
599
600
602
603
605
608
609
610
611
614
615
616
618
619
620
622
624
626
627
629
630
631
632
633
635
636
637
642
644
645
646
647
650
651
652
654
655
656
658
660
661
662
663
664
665
666
668
670
672
673
674
675
676
677
679
680
682
683
684
685
687
688
689
691
692
694
695
696
697
698
699
702
703
704
705
706
707
708
709
710
713
714
717
718
719
720
721
722
723
724
726
727
728
731
733
734
735
736
737
738
740
741
742
744
745
746
747
749
750
751
752
753
754
755
756
757
759
763
764
765
767
768
771
774
775
777
779
781
783
784
785
788
789
790
791
792
793
794
795
796
798
799
800
